000000000100111
000000001100100
000000001010101
111111110101100
111111111110010
000000001010111
000000000011001
111111110000000
000000010011010
000000000011101
111111111111100
000000000001100
000000000011000
000000100000001
111101101101110
111111101110000
111111110100100
111111110000100
000000010100111
111111011001100
000000010101100
000000011111010
000000000101010
000000000011110
111111111000010
000000010111001
111111111101010
000000001101010
111111111100000
000000000111010
111111110110000
111111110111100
111111111100011
111111101110011
111111111101011
111111111100100
000000000001001
000000000111010
000000001010100
000000011001100
111111110001110
000000000011110
111111111111011
111111100101101
111111010101100
111111101010100
000000000011000
000000000011010
111111111111001
000000000110110
111111111010001
000000000011101
000000001110000
000000001010000
000000001011100
111111111101001
000000000101010
111111111000100
111111100101010
000000001110001
111111011101110
111111111101000
000000001001001
000000001100101
