154
126
105
102
125
155
172
180
142
111
106
109
123
127
181
217
209
166
164
158
116
102
95
90
72
60
56
77
94
91
87
79
140
145
125
124
150
152
174
178
134
110
133
163
192
218
240
245
241
238
234
226
142
96
99
95
89
80
65
84
92
96
77
71
140
139
115
147
138
132
170
178
171
192
219
234
229
239
244
246
232
225
235
243
177
101
101
88
103
94
65
83
90
79
68
67
136
137
122
132
151
181
203
208
208
203
179
169
164
125
178
240
231
211
195
201
183
121
91
94
91
77
69
97
88
76
64
71
129
141
136
186
215
202
164
150
138
119
94
108
108
32
130
241
236
235
211
195
133
125
102
98
88
80
90
94
69
71
68
87
136
136
127
153
138
120
93
98
103
96
86
119
97
46
117
203
228
233
236
237
165
126
124
92
88
78
87
98
76
67
81
91
146
124
88
85
87
84
75
78
69
53
40
54
65
85
117
144
175
213
232
239
180
128
115
83
74
71
86
86
90
83
77
81
162
110
63
73
58
46
47
31
15
19
39
63
92
121
88
120
139
154
199
235
209
192
146
108
101
99
97
73
79
94
83
74
127
70
37
34
47
85
129
104
73
94
125
138
115
120
58
67
108
177
188
233
208
149
183
169
113
89
84
65
56
88
81
63
71
74
72
81
122
161
158
128
93
98
128
133
104
119
54
37
75
192
226
232
199
109
148
192
158
104
69
75
80
88
67
56
49
98
105
123
148
143
114
108
95
101
125
128
101
118
66
35
77
190
226
232
211
141
156
194
203
174
96
72
102
99
93
79
59
103
89
112
138
130
123
121
108
107
117
125
103
116
78
41
80
189
224
233
213
146
165
190
184
193
175
123
111
103
92
95
84
104
81
89
118
113
114
105
100
104
113
135
125
124
72
42
89
191
222
230
215
145
153
191
191
179
184
185
146
102
80
86
83
99
71
88
105
99
89
94
107
128
142
163
160
151
106
65
89
188
220
227
216
161
159
188
203
197
181
180
194
162
86
65
83
103
86
117
157
169
172
161
153
162
201
230
232
220
180
145
159
206
224
225
215
169
165
190
208
195
200
188
183
189
166
86
146
180
154
181
219
243
246
233
226
227
239
251
254
237
171
195
227
222
223
220
214
172
164
188
210
196
200
181
185
186
187
146
197
240
231
242
240
242
248
251
250
252
250
247
251
230
206
215
218
217
217
216
212
169
162
182
207
198
202
168
137
196
186
156
206
252
251
251
249
250
252
250
248
248
249
243
249
229
218
214
215
215
214
216
212
166
161
182
208
205
210
179
136
175
203
166
219
251
241
240
233
222
216
209
205
200
195
185
175
171
184
197
213
221
218
218
214
179
160
174
206
206
208
193
167
166
202
181
139
136
119
107
109
102
79
76
94
111
118
107
69
55
84
87
101
134
162
195
213
192
177
177
201
204
209
216
201
196
205
199
70
86
85
36
67
87
52
48
86
105
88
155
155
145
147
114
76
56
72
155
214
198
205
199
202
202
204
211
208
210
208
204
155
162
152
48
92
94
61
55
124
141
131
231
241
230
228
224
216
194
163
173
190
158
160
126
180
211
206
213
211
212
210
210
162
124
110
47
87
75
62
63
119
126
103
158
141
126
139
154
165
137
159
181
129
111
108
72
98
135
150
165
174
189
194
204
149
58
29
31
41
41
37
37
50
56
104
152
127
92
73
67
41
8
60
170
75
71
57
48
38
37
48
53
56
69
97
176
174
95
57
61
64
66
65
71
71
97
168
181
167
85
35
59
33
11
16
128
85
59
74
79
89
71
52
32
24
19
44
155
156
151
153
160
164
166
164
167
162
153
149
150
132
51
9
47
33
12
10
59
90
88
96
106
99
55
64
49
25
39
34
89
167
148
102
124
147
142
125
125
129
156
182
155
121
73
61
64
37
37
13
39
84
85
84
96
91
62
71
43
25
62
56
88
174
141
44
43
57
52
44
48
79
173
217
166
97
79
96
75
82
125
37
43
79
73
72
84
87
94
72
43
34
103
95
124
164
141
115
113
116
114
113
116
124
149
160
142
98
40
21
55
108
119
46
45
69
71
69
75
79
118
86
85
31
77
68
94
175
156
154
147
155
161
160
167
165
152
163
164
133
61
40
60
81
100
65
59
62
51
44
39
43
102
55
32
23
42
61
93
165
156
159
131
94
102
108
128
154
156
182
179
125
83
88
63
43
75
58
45
35
21
14
11
14
59
49
54
81
103
123
131
163
158
163
145
43
19
20
74
134
119
110
99
61
27
18
17
25
29
16
5
6
10
25
51
68
90
116
134
140
143
143
143
177
137
104
101
131
166
190
199
156
120
107
104
121
129
188
226
211
167
165
160
117
101
95
89
70
60
57
78
96
95
90
81
160
153
125
129
161
164
188
189
139
111
127
156
192
219
241
246
242
239
235
227
143
97
101
96
89
81
67
86
95
99
80
73
155
146
115
153
150
145
184
189
176
195
218
233
237
245
244
242
231
226
235
243
177
102
103
89
103
95
67
86
93
82
70
69
147
142
121
133
157
193
222
227
223
219
194
184
186
141
182
236
230
212
195
200
183
123
94
97
94
80
72
100
91
78
66
73
137
146
139
186
220
216
188
178
162
146
122
137
139
52
138
239
235
236
211
194
134
128
107
104
92
82
93
97
73
73
70
89
144
149
148
172
160
141
115
118
120
116
108
143
119
59
122
206
231
236
240
240
170
125
132
102
87
76
86
99
77
69
83
93
154
138
109
105
110
103
90
92
85
72
61
80
89
94
118
145
178
217
236
244
184
121
118
92
71
68
85
85
90
85
79
83
172
125
77
82
71
57
55
42
33
40
63
93
125
133
86
119
142
158
203
240
209
177
137
110
97
97
96
72
79
96
85
76
137
90
52
39
54
91
132
111
90
114
149
168
151
131
55
70
112
180
191
237
203
121
160
164
110
87
82
63
55
91
84
66
75
98
93
87
129
167
159
134
111
119
152
164
138
125
52
48
82
194
229
237
187
66
112
183
156
104
68
73
79
91
70
59
46
122
129
132
158
151
115
113
112
123
151
160
131
122
67
55
88
193
229
235
195
92
115
183
200
172
95
70
101
102
96
82
58
121
113
131
154
143
132
130
122
127
146
160
132
124
86
66
97
199
230
232
198
103
127
176
173
183
169
122
113
106
93
95
88
123
105
117
147
139
137
125
121
131
149
174
151
133
81
64
106
202
229
229
203
106
116
174
175
162
172
179
144
102
79
84
89
118
92
114
133
125
111
112
123
148
167
190
178
158
112
78
101
198
227
229
208
124
121
169
184
176
163
167
185
157
81
61
85
116
100
129
167
175
176
162
152
163
204
235
240
224
183
150
168
215
231
230
211
135
127
168
186
176
183
173
169
178
158
83
142
184
157
183
220
241
240
227
222
224
235
247
253
238
172
194
232
230
231
228
214
140
127
163
190
184
188
168
171
172
178
144
188
237
228
243
243
244
247
251
253
253
251
246
248
231
208
214
221
223
224
225
213
141
125
154
188
188
188
149
116
176
173
152
199
245
247
251
250
251
252
251
248
247
249
246
249
232
224
221
219
219
219
221
210
145
125
150
186
184
181
141
93
142
181
154
214
248
241
240
233
221
216
209
205
200
195
185
174
172
190
205
218
224
222
223
210
158
123
141
184
184
178
154
123
132
179
167
136
141
124
109
108
101
78
76
97
117
120
102
65
53
86
91
104
137
166
200
207
166
138
144
181
185
185
186
168
167
185
185
71
99
96
38
66
85
50
48
94
119
92
146
148
141
146
116
79
60
75
159
202
165
163
166
183
184
184
189
184
186
189
189
160
182
169
51
90
92
58
56
138
163
139
219
232
225
226
225
221
199
166
176
174
122
114
90
160
192
189
197
194
192
193
194
166
142
127
50
84
72
59
63
128
142
109
148
135
123
137
154
168
140
160
180
105
68
62
38
79
120
134
151
161
172
180
190
147
63
39
34
38
39
35
36
52
57
106
154
128
93
74
66
42
10
59
166
49
34
27
27
27
28
32
38
45
56
87
170
170
95
63
65
66
69
67
75
80
106
177
187
162
84
38
65
41
19
21
128
81
55
71
77
89
65
38
18
15
13
40
154
149
150
158
165
168
170
169
169
163
157
149
141
121
48
16
60
48
25
21
65
100
99
101
106
98
51
51
37
20
40
35
91
159
145
104
126
148
143
126
118
116
149
166
128
109
71
67
75
51
50
24
46
91
90
83
87
85
60
61
32
22
67
60
90
164
137
46
41
51
46
37
37
69
172
202
137
92
80
99
78
90
135
43
46
80
74
70
78
85
93
64
34
33
108
98
123
155
139
119
113
108
105
108
112
123
156
156
128
100
44
23
56
114
126
49
44
71
74
71
76
82
121
81
78
27
77
66
88
167
154
160
153
153
154
163
173
165
152
162
163
138
67
45
66
89
109
69
60
64
53
43
36
44
108
56
26
14
34
53
83
154
152
161
130
88
92
107
129
149
151
177
175
129
89
93
69
51
83
62
47
37
22
12
6
13
64
49
48
72
93
114
121
148
148
156
135
32
9
14
68
125
110
101
93
63
31
21
20
34
37
20
6
6
9
22
45
64
90
113
127
130
133
134
133
187
136
95
99
139
180
210
214
156
110
98
102
117
127
189
229
211
162
156
148
103
83
76
79
69
61
54
72
84
71
71
70
169
154
118
132
173
175
200
196
137
102
120
156
187
215
238
245
239
235
229
220
136
85
84
87
86
77
60
76
80
78
62
61
164
149
112
159
162
154
190
192
175
189
217
238
235
242
242
241
227
222
232
242
178
97
92
82
99
86
54
70
75
64
55
55
155
146
121
139
167
198
224
230
225
217
198
196
190
143
185
238
226
207
196
204
192
124
87
92
88
66
55
80
70
64
53
59
144
152
142
190
227
223
195
185
169
150
133
154
147
60
145
245
233
233
213
200
146
131
101
100
84
66
73
74
50
60
57
74
149
165
164
181
173
161
138
139
137
131
125
158
123
66
131
212
232
236
237
237
171
117
122
102
82
64
70
77
55
57
71
81
172
168
139
120
124
119
108
106
92
78
66
84
97
105
125
148
181
219
234
238
178
102
104
95
69
56
69
64
69
72
67
71
192
154
106
99
82
60
58
46
38
43
65
99
146
149
92
119
145
162
203
237
199
151
121
112
93
83
79
53
60
82
71
62
138
102
67
56
67
92
136
127
116
139
172
194
183
150
62
73
119
186
194
237
193
94
142
158
96
69
65
47
40
76
69
51
69
108
112
110
147
175
178
169
149
157
188
201
176
146
61
56
92
203
235
239
183
46
92
164
130
82
50
59
66
73
52
41
49
144
165
165
179
166
148
155
146
155
181
192
167
144
81
70
103
202
234
239
197
75
91
152
163
146
76
59
92
84
77
63
67
144
143
159
177
166
161
162
152
155
171
185
161
148
107
89
120
205
224
235
201
81
97
139
129
150
147
115
109
88
75
79
100
146
132
147
179
172
171
159
154
162
178
199
169
152
103
91
129
205
220
232
204
83
84
137
131
127
145
161
130
85
64
72
103
142
119
141
161
154
141
141
148
172
189
208
184
165
129
104
119
199
221
230
207
100
90
133
140
139
129
133
154
137
67
52
97
136
119
142
177
186
188
172
157
167
207
236
239
223
190
168
176
213
227
230
207
110
96
133
142
135
141
131
130
151
137
69
148
195
168
186
221
243
244
228
218
219
230
244
253
233
169
199
231
226
229
226
208
114
95
129
144
136
143
126
131
135
147
122
188
242
230
244
244
245
250
252
252
252
250
246
248
224
199
210
216
220
224
223
207
115
94
120
140
137
145
116
87
136
134
123
199
249
246
249
249
250
251
250
248
247
249
244
246
226
217
215
219
221
221
222
208
120
93
114
137
140
147
119
78
113
141
122
217
254
243
239
233
222
216
211
209
204
198
188
175
173
188
204
224
230
224
220
204
128
87
102
131
137
140
126
101
102
137
133
144
156
133
113
113
107
84
83
105
124
128
112
71
59
90
95
114
144
168
195
196
133
101
105
127
133
138
146
133
130
137
147
86
125
113
48
76
95
60
57
99
122
99
156
155
147
151
120
85
65
77
158
196
135
130
133
134
133
135
143
141
143
137
147
180
217
193
66
105
107
74
65
136
158
139
224
233
225
225
223
215
197
171
185
177
98
90
68
120
146
142
149
146
142
134
145
182
173
149
65
99
88
75
70
123
135
106
151
138
123
137
155
162
136
163
193
112
52
47
24
55
92
102
117
125
130
133
152
158
83
55
46
51
52
48
46
57
64
114
164
141
101
82
80
48
7
58
172
55
33
26
23
26
30
25
28
35
40
72
160
183
116
81
79
80
82
81
92
100
127
198
208
181
94
47
79
50
17
18
134
96
72
89
95
104
73
37
14
13
14
44
161
165
174
179
182
184
186
184
187
184
174
165
160
142
59
23
73
58
27
20
74
119
123
127
134
121
61
51
33
21
53
51
107
172
166
123
140
160
155
139
131
126
152
165
135
128
83
75
89
65
57
29
59
108
107
102
109
106
72
62
30
26
85
79
107
170
150
56
48
57
53
44
46
75
168
194
137
108
90
107
95
109
148
54
65
100
92
89
98
105
106
67
33
37
123
111
133
160
152
132
121
117
115
118
124
134
159
156
133
116
56
35
74
132
140
61
60
92
96
92
96
101
135
87
78
29
84
73
94
166
160
170
163
165
171
180
186
174
160
170
172
152
81
59
81
102
119
78
67
77
69
57
47
57
122
64
29
14
36
57
91
128
130
142
127
95
104
120
137
152
154
179
179
135
95
99
75
61
94
71
52
44
30
18
9
20
77
58
52
73
96
120
131
120
122
133
125
32
12
19
70
122
107
99
91
62
30
20
21
42
48
28
11
11
12
22
42
67
101
122
133
136
139
142
144
