1111110011110
1111100101001
1111101111101
1111100110101
1111111000110
1111110010001
1111100101110
1111101100111
1111111000001
1111101011110
1111111001000
1111101101111
1111101010000
1111110000011
1111101011011
1111110101000
1111110001110
1111110000111
1111101111111
1111111110100
0000000110011
1111110001011
1111111111100
1111100111001
1111110110001
1111101100110
1111110000000
0000001100101
1111101111001
1111101100111
1111110000111
1111110010110
1111110101110
0000000101101
1111110100110
1111110001111
1111110000111
1111110000000
1111101011100
1111110010101
1111111010101
1111111111000
1111110101101
1111101011101
1111111101101
1111110011010
1111100111011
1111110100010
0000000010001
1111101111111
1111110010101
1111101101001
1111111110111
1111110010100
1111110111010
1111110111101
1111101111100
0000001001010
1111101110010
1111111010000
1111111110010
1111101110001
1111101110001
1111101100101
1111110110010
1111110011100
1111110100100
0000000011011
1111110001011
1111111001100
1111101111000
1111111010100
1111101110010
1111101000100
1111111011010
1111101111111
1111111000001
1111111110100
1111101011001
1111110001010
1111101010011
1111110010111
1111111110111
1111110000111
1111111001011
1111110111100
1111101110010
1111110111010
1111111100110
1111110011010
1111110100010
1111101100101
1111110100110
1111110101000
1111111101011
1111101100011
1111111011110
1111110011111
1111101001010
1111110101100
1111101111000
1111110010001
1111100111101
1111111011010
1111101110000
0000000000110
1111111010110
1111111011011
1111101010011
0000000010011
1111101011001
1111110101010
0000000101110
1111110110101
1111110010111
1111110010001
1111101011011
1111110000011
1111101100011
1111110010010
1111110111001
1111101111111
1111101001101
1111110101101
1111110000011
1111110101001
1111111011011
1111101111101
1111101110001
0000000100010
0000000101111
1111101001001
1111101110110
1111111101011
1111110011101
1111111111110
1111111010011
1111111101101
0000000010111
1111110010001
1111100111111
1111111010111
1111101111100
1111101101000
1111111101001
1111110100011
1111101110100
0000000110111
1111101110011
1111110100100
1111111010010
1111101110010
1111110011110
1111101101010
1111110010010
1111111110111
1111101100100
0000000000110
1111110100110
1111110011111
1111111100001
1111110001110
1111111101111
1111110001001
1111110001111
1111110010100
1111111001100
1111101010111
1111110001001
1111101111110
1111110111010
1111110011011
1111110111101
0000000011100
1111111111100
1111110101011
1111101100110
1111110011001
0000010001011
1111110001001
0000000100101
1111110100000
1111111011000
1111110001111
0000000000001
1111110111001
0000001001101
1111110001000
1111110101010
1111110001110
1111101011000
1111110100000
1111100111001
1111110111111
0000000101101
1111101111101
1111110000000
1111110001100
1111110110001
1111111000011
1111101001111
1111101011001
1111111101101
1111110011110
1111110100101
1111110000001
1111101001101
1111111110000
1111110000000
1111111001101
1111110111110
1111101010111
1111111001011
1111110100001
1111110001000
1111101010101
1111110110000
1111101010110
1111110101111
1111100110010
1111101010101
1111101111101
1111101110101
1111110000010
1111110000011
1111111110111
1111101011111
1111110001000
1111110110100
1111111011110
0000000001011
1111110001011
1111101110101
1111101011000
1111110001000
1111111000111
1111101001100
0000000001000
1111110001111
1111110011001
1111110110000
1111110101011
0000001000001
1111101101011
1111110011110
1111111000110
1111110100001
1111101000111
1111110011101
0000000101100
1111110111000
1111111001011
1111101110100
1111111110001
1111110001101
1111110011101
