00000100001
11111101111
11111101101
11111101110
11111110100
11111110011
00000001001
11111111011
11111111111
11111011111
11111100010
00000110100
11111100101
00000001111
11111100110
00000001010
11111100101
11111101011
11111101111
00000101000
11111001011
00000001001
11111101010
00000010011
00000011111
11111011111
00000100010
11111101010
00000100000
11111110000
00000000110
11111110101
11111000110
00000001111
00000011001
11111010101
00000100111
11111110010
00000010100
00000000100
00000110101
11111110111
00000001111
11111110111
00000001001
11111100011
00000010011
00000111000
00000010011
00000000110
00000110101
00000001110
00000011001
00000100101
11111100011
11111110001
11111111010
00000001100
00000110100
00000011100
11111110000
00000101010
00000111101
11111010000
00000000000
11111101111
00000001110
11111110000
11111100101
00000011011
11111100100
00000011010
11111101111
00000001001
11111100010
11111111110
00000000101
00000100000
11111110111
00000101001
11111101100
00000010111
00000001111
00000001101
11111000101
00000110000
00000110000
11111110100
11111011100
00000010001
00000011111
00000011100
11111110100
00000101010
11111111010
00000000110
00000001100
11111011111
11111101011
11111111101
11111111111
11111111010
11111100111
00000011000
11111011011
00000100010
00000011100
11111011101
00000000110
11111100000
00000101010
00000100110
11111100111
11111000111
00000000111
11111001111
11111100110
11111011101
00000001010
11111011111
11111110111
00000100011
11111111110
11111101111
00000000010
11111110111
11111101000
00000010010
