111110111110
111110111100
111110100000
111111101000
111110011011
111110100011
111110110010
111111100000
111110010000
111110000011
111111100010
111111010000
111110111001
111110010101
111110010000
111110110100
111111000001
111111000011
111110101100
111111000000
111110110110
111110110001
111111011001
111111101001
111110100001
111110011111
111111001010
000000110001
111110100101
000000010111
111110010100
111111100011
111110010001
111110111101
111111000111
111110110011
111111000010
111110000010
111110100110
111110011000
000000101011
111110101110
111111100010
111111101001
111110001011
111111000110
000000000111
111110001100
111110110101
111111110111
111111000101
111110000011
111110010010
111110110001
111110010110
000000000100
111110111101
111110111001
111101111010
111111010100
111110110110
111111000001
111111010111
111110011111
111111001001
111110001100
111110010100
111110010011
111111011110
111110100000
111111000111
111110011000
111110101100
111110100010
111110101111
111110101110
111110000111
111110100000
111110011000
111111110101
000000000111
111110001011
111111001100
111111101101
111110000101
111110110001
111111000001
111111101011
111111001000
111110100011
111110111000
111111100011
111110100100
111110010000
111110110010
111111001000
000000000110
111110110001
111111001010
111110101100
111110110101
111111101001
111110101011
111110101000
111111000111
111110101001
111111000101
111110100010
111110100110
111110011110
111111000110
111110110110
111110000100
111110110111
111110011011
000000000110
111110110101
111111010111
000000001010
000000000011
111110111011
111110011111
111110101011
111110010010
111110111000
111101110000
000000011001
111110111011
