11110011011
11111000010
11111000011
11111100110
11110101011
11110111000
11110111001
11111001001
11110011011
11111100000
11111010100
11111111100
11111010001
00000101110
11110110100
00000101100
11111000101
11111001011
11111011111
11111101111
11111111110
00000010001
11111010010
11111111010
11111010100
00000100111
11111011101
11110101001
11111010001
11111001000
00000010101
00000011010
11111000100
11111010101
11110111100
11110111011
11111101000
11111001110
11111000011
11111101000
00000001001
11110111001
11111101100
11111001101
11111011101
11111001100
11111011001
11111010000
11111001001
11111100111
11111101000
11111001010
11111001001
11111111011
11111000011
11111000110
11111001010
11110110100
11111000111
11111000101
11110111100
11111010101
11111010110
11111010010
